   M     A         B     Amplitude 5.0     5.1         5.2           5.3         5.4        5.5          5.6         5.7         5.8         5.9      6.0     Phase 5.0        5.1        5.2           5.3        5.4        5.5          5.6        5.7        5.8     5.9          6.0
       0    0.0000    0.0000    -53.7789    -57.8269    -54.2839    -64.7529    -58.4909    -60.8029    -70.5099    -63.7109    -65.0069    -64.1199    -67.1229    -92.7500    31.1550    132.2760    -110.8180    8.7140    119.0980    160.4260    -21.3550    78.2620    157.0570    -48.7050
       1    1.8000    0.0000    -57.4799    -56.5149    -54.9539    -66.5269    -60.5839    -63.8609    -71.3809    -65.0839    -65.0239    -64.4909    -63.7869    -84.4820    34.3170    147.4400    -115.7920    12.3230    121.2250    73.9250    16.3290    94.3490    119.4460    -61.7320
       2    3.6000    0.0000    -63.6249    -58.8269    -56.9439    -63.1639    -62.1569    -61.6739    -65.2179    -59.9929    -76.0189    -88.4429    -81.5899    -40.0080    67.4770    176.8290    -17.8510    60.8550    -150.1390    26.3240    57.9970    152.1460    124.3080    71.0450
       3    5.4000    0.0000    -58.7389    -57.3159    -55.7739    -59.3439    -58.3289    -59.5579    -60.9809    -59.6179    -68.8219    -66.1939    -69.5459    -10.5210    109.5340    -168.2120    -1.3580    81.2190    -133.9130    18.9680    51.7440    151.8990    24.8330    172.8160
       4    7.2000    0.0000    -53.3669    -55.3479    -56.4299    -56.0559    -58.8859    -64.0019    -57.9999    -64.4929    -83.9389    -70.4569    -74.4289    10.5470    136.8260    -151.0720    22.7590    103.2690    -96.4940    -0.7620    67.7750    141.4930    48.1930    96.5140
       5    9.0000    0.0000    -54.3929    -58.2209    -59.4109    -57.4529    -65.7689    -65.7309    -63.6949    -73.8069    -68.2589    -69.2489    -62.7359    22.4840    145.3530    -135.4580    46.5660    119.1430    -40.3900    40.9110    105.1960    -12.8430    173.0710    -140.5660
       6    10.8000    0.0000    -57.4479    -61.3239    -67.9909    -58.6339    -73.0459    -62.5929    -62.3559    -62.8939    -60.3369    -62.3509    -60.3519    20.4850    -173.1230    53.5330    81.5610    -96.3760    -1.6060    90.2350    -121.7080    -2.6370    130.4740    -125.0160
       7    12.6000    0.0000    -67.1989    -60.2089    -55.1959    -57.1459    -57.5279    -55.9429    -62.5079    -59.1949    -60.2549    -58.4859    -58.7869    73.4720    -84.7100    59.4500    133.3490    -76.8580    27.1550    125.6830    -70.0850    8.3470    147.3210    -117.4780
       8    14.4000    0.0000    -58.3069    -53.2029    -52.4059    -56.3259    -54.5109    -54.5729    -59.3149    -57.0519    -59.8579    -58.6519    -62.5929    -161.4780    -67.2490    66.5820    153.5960    -63.5980    44.4090    148.5160    -70.0010    42.8430    -169.1320    -86.5800
       9    16.2000    0.0000    -53.9049    -52.9549    -51.7329    -56.8209    -55.1559    -56.9469    -61.6499    -57.8459    -59.3569    -56.6489    -61.4049    -152.8040    -54.5780    70.4540    -160.4330    -26.9240    81.9760    -148.9610    -12.0410    98.7330    -155.5960    -11.7910
      10    18.0000    0.0000    -52.5799    -52.9269    -52.4719    -53.9159    -53.9439    -53.3149    -57.3359    -54.2169    -58.7519    -55.6489    -60.4529    -129.7770    -18.4520    102.8960    -106.3800    6.2060    126.0200    -104.3660    17.1520    126.8550    -115.4550    12.2360
      11    19.8000    0.0000    -52.7739    -52.8719    -53.0229    -50.2269    -52.3239    -52.2889    -52.3919    -50.9939    -55.8619    -53.7399    -56.2739    -99.1520    33.1150    148.7480    -78.6400    26.2910    157.9290    -83.0290    31.5170    163.3410    -94.6730    42.3520
      12    21.6000    0.0000    -50.2359    -49.2609    -49.9049    -47.3889    -50.0689    -50.7409    -51.9649    -52.2989    -54.4799    -53.6929    -56.0939    -65.6260    66.4040    -174.1680    -58.5370    53.4840    -179.2160    -54.2140    55.1450    -175.2110    -44.3580    56.8910
      13    23.4000    0.0000    -47.8699    -46.8329    -47.6659    -47.0639    -50.8359    -51.5039    -53.3769    -52.4379    -53.4459    -52.3569    -55.7119    -45.7850    85.2450    -155.6270    -43.4580    80.0050    -142.7250    -32.9150    91.3900    -133.2810    -6.5790    104.0630
      14    25.2000    0.0000    -46.5179    -45.7379    -46.6239    -47.4909    -50.5709    -50.2689    -51.3549    -51.4459    -51.8529    -50.6199    -55.4019    -19.7620    103.9070    -133.1580    -17.8080    116.4190    -106.2030    9.7280    139.5180    -106.7160    22.3730    130.4520
      15    27.0000    0.0000    -45.8879    -46.0099    -46.7249    -47.5189    -49.3019    -46.8629    -49.7999    -49.5039    -50.4659    -49.3949    -53.1419    -0.1960    125.5190    -104.2650    28.4480    154.5690    -73.8370    48.3300    176.4480    -71.8000    51.5400    -178.8050
      16    28.8000    0.0000    -46.0709    -46.6569    -46.2769    -45.5969    -46.9419    -46.2299    -47.6309    -47.4949    -49.1579    -49.1569    -51.9969    25.7670    162.5290    -75.0850    59.9540    -171.7410    -47.3670    75.5230    -160.6750    -38.2590    79.2110    -151.6750
      17    30.6000    0.0000    -45.5659    -45.3029    -45.0139    -44.1859    -45.2969    -45.8469    -46.8379    -46.9529    -48.5989    -49.0829    -50.6619    57.6160    -165.1900    -39.8100    88.4570    -142.4990    -19.5010    104.5240    -129.5150    -7.0060    116.3080    -123.7370
      18    32.4000    0.0000    -45.2159    -44.0999    -44.0379    -43.3649    -44.7619    -45.0239    -46.2209    -46.0989    -47.7999    -48.5209    -51.0409    86.6260    -138.8400    -10.0450    114.9690    -116.8310    11.6580    133.8060    -91.7590    26.8280    147.2500    -89.8870
      19    34.2000    0.0000    -44.6869    -43.5369    -43.6149    -43.2529    -43.7699    -43.7679    -45.9969    -46.0669    -46.8909    -47.8849    -50.5249    117.3370    -112.9050    17.7070    143.3380    -88.1230    43.8960    166.2920    -63.2070    55.7230    -175.6170    -49.4200
      20    36.0000    0.0000    -43.8739    -43.3419    -43.1669    -42.8009    -43.5579    -42.8879    -45.3769    -45.0929    -46.9399    -47.6639    -49.8619    149.9340    -85.8950    47.7340    175.9640    -57.9460    73.4500    -158.9140    -28.6800    92.4660    -137.7010    -7.1620
      21    37.8000    0.0000    -43.3059    -43.5179    -42.8809    -42.0709    -43.4219    -42.3189    -45.3769    -44.7839    -46.6329    -46.5779    -48.5889    172.3780    -54.7000    74.6580    -155.2590    -27.2210    98.6930    -127.2710    4.5110    126.7440    -97.3730    27.7680
      22    39.6000    0.0000    -43.5889    -43.7959    -43.1089    -41.6729    -43.0269    -42.9709    -44.7649    -44.4359    -46.6499    -45.7409    -48.6329    -165.2610    -26.6520    102.8010    -128.7830    6.4180    133.5250    -95.0590    39.5180    166.3410    -63.6640    61.8670
      23    41.4000    0.0000    -45.0439    -43.8509    -43.2979    -42.1269    -42.9539    -43.0019    -44.4799    -43.9589    -45.9499    -45.8759    -48.9019    -138.3390    0.3870    133.9950    -100.3380    35.9400    167.8790    -64.8110    73.9840    -160.9200    -33.6870    90.4050
      24    43.2000    0.0000    -46.8749    -44.9609    -44.0779    -42.6979    -42.5829    -42.6519    -45.1989    -44.6919    -46.7849    -45.9249    -48.8769    -104.4910    31.1660    169.9380    -63.9480    63.9580    -161.8030    -35.0570    107.7460    -125.3570    5.8460    131.9470
      25    45.0000    0.0000    -48.3909    -46.8299    -44.0649    -42.9599    -43.4899    -42.6879    -45.8569    -45.5249    -48.1569    -47.5649    -50.3329    -64.8020    67.3150    -159.5470    -30.7810    96.2250    -132.6250    -2.6200    143.3850    -86.6290    47.8010    173.3660
      26    46.8000    0.0000    -48.4199    -47.9269    -45.9379    -43.8379    -45.3389    -44.0329    -47.1229    -46.8889    -48.7239    -48.6309    -52.0009    -23.7790    101.3850    -128.6100    0.1530    129.9990    -102.0130    31.9680    179.3260    -46.1710    92.5220    -132.9710
      27    48.6000    0.0000    -51.4829    -49.8529    -46.8159    -45.4489    -45.9729    -45.6639    -49.6799    -47.9159    -50.4219    -51.1699    -55.0699    9.5070    134.0470    -88.4150    24.9420    161.3140    -65.1720    69.6740    -145.4720    -5.2970    139.6850    -85.5090
      28    50.4000    0.0000    -58.3479    -52.7849    -49.7159    -48.4279    -48.1179    -48.9439    -53.2449    -53.0389    -54.0049    -52.9819    -56.7669    56.2120    176.9290    -52.4350    58.7470    -164.8370    -35.1870    102.1540    -109.0440    49.4200    -154.9660    -16.4210
      29    52.2000    0.0000    -58.2299    -60.9879    -53.6649    -52.8859    -52.1239    -52.4829    -66.8989    -58.9899    -56.4659    -53.5889    -53.6829    160.0460    -129.9990    -14.9070    89.5870    -142.7940    -12.5540    120.7490    -16.4640    124.0010    -84.1870    56.6500
      30    54.0000    0.0000    -53.6349    -58.6039    -63.2419    -62.8539    -59.6689    -60.5129    -58.3769    -54.5279    -53.1079    -50.6869    -49.6599    -146.0910    5.0660    19.4980    109.2120    -131.2010    -32.9150    0.9970    71.4660    -148.8220    -19.4710    112.4440
      31    55.8000    0.0000    -51.1439    -51.7809    -61.9739    -59.4809    -61.7429    -53.4689    -52.4929    -50.5109    -49.7859    -47.6319    -47.8249    -87.4930    55.5450    -161.4070    15.0880    156.3530    -79.5730    27.2130    134.0740    -93.1120    39.3340    169.5220
      32    57.6000    0.0000    -48.2919    -48.1729    -51.3669    -51.2319    -52.1869    -48.6159    -48.2039    -48.6789    -47.5099    -45.1179    -45.7049    -40.6290    95.6130    -117.4310    35.0500    -178.1820    -61.6910    58.1550    -177.5810    -41.7000    87.5880    -155.7330
      33    59.4000    0.0000    -45.0699    -46.7889    -47.9959    -47.3619    -47.0739    -45.6839    -46.7279    -46.7519    -45.8209    -43.8019    -45.3049    1.2780    135.6020    -73.0790    69.7250    -146.3120    -27.8480    96.5730    -129.1120    5.9910    131.5990    -110.2900
      34    61.2000    0.0000    -43.6399    -45.3379    -46.4279    -45.2989    -44.4509    -43.9579    -46.1469    -46.4169    -44.4149    -43.3219    -45.8959    36.9510    173.3820    -30.3130    109.8430    -111.2380    14.1800    141.7530    -77.0960    51.3070    178.2170    -66.8910
      35    63.0000    0.0000    -43.2369    -44.2659    -44.7549    -44.0329    -42.8799    -42.3269    -45.9079    -45.1599    -44.6119    -43.3999    -47.1999    78.7730    -142.1980    11.8120    157.8380    -72.2600    54.2810    -171.6170    -21.3110    100.8740    -130.5140    -6.3560
      36    64.8000    0.0000    -42.2529    -43.7569    -43.1419    -41.4849    -41.3839    -42.0339    -45.5899    -44.1439    -44.2929    -44.3339    -48.0149    123.5700    -93.1150    60.4390    -157.1390    -28.4370    96.5060    -123.3770    29.7490    152.5740    -80.1310    54.0560
      37    66.6000    0.0000    -41.8869    -42.9389    -41.3479    -39.3379    -40.0199    -41.8329    -44.8079    -42.6369    -43.1449    -44.8239    -47.1029    166.8720    -43.8760    107.3340    -116.0180    11.9990    142.2540    -68.0160    79.4750    -155.6440    -14.2340    128.7440
      38    68.4000    0.0000    -41.3959    -41.8409    -40.0009    -38.4089    -39.5799    -41.4359    -44.6579    -42.0909    -43.3299    -43.5289    -44.8759    -150.7650    -0.0840    148.1510    -76.6610    49.8910    -167.6580    -11.7160    131.4780    -98.8560    45.4060    -172.4700
      39    70.2000    0.0000    -40.9019    -40.4209    -38.8359    -37.8959    -40.0429    -41.9119    -43.4439    -41.2979    -42.6629    -42.1449    -42.7379    -104.6630    45.9870    -172.3830    -40.1980    91.7160    -119.2630    39.2590    -175.8590    -42.3730    102.4310    -124.6660
      40    72.0000    0.0000    -40.7319    -39.8499    -38.8009    -38.6259    -41.0149    -42.3749    -42.8329    -40.7729    -42.3619    -41.3589    -42.5579    -62.6420    86.9820    -133.4980    -1.6420    138.8940    -67.3010    90.3250    -127.6770    7.2990    156.6770    -80.7270
      41    73.8000    0.0000    -41.0979    -39.9979    -39.5909    -40.0439    -42.5849    -42.7289    -42.5889    -41.3799    -42.1919    -41.7149    -44.3399    -16.8830    131.0700    -90.7080    41.9180    -164.1020    -8.5170    139.1380    -77.4140    62.6670    -150.2980    -31.0870
      42    75.6000    0.0000    -42.1629    -40.9399    -41.0669    -42.4569    -43.2049    -42.1389    -42.8809    -42.2669    -43.2549    -42.8519    -47.4309    28.7630    173.3630    -44.8890    94.6990    -106.4920    48.3610    -166.4920    -22.0190    123.3890    -95.4450    36.7250
      43    77.4000    0.0000    -42.9299    -42.2769    -42.0889    -43.5689    -43.3779    -42.0999    -43.3299    -42.6589    -43.4789    -43.4459    -47.6069    87.8780    -132.9090    11.5640    161.1660    -42.9100    101.9840    -106.3170    42.7100    -172.1530    -29.3420    124.2080
      44    79.2000    0.0000    -42.7119    -42.6869    -42.5579    -43.2599    -42.1029    -41.9099    -43.2629    -42.0259    -42.8229    -42.9149    -44.3309    143.1200    -74.5050    71.8140    -131.9180    11.6540    159.4570    -48.0810    105.0900    -112.1170    35.2460    -164.1390
      45    81.0000    0.0000    -42.5149    -42.1289    -42.1729    -41.9309    -42.1629    -41.7499    -42.8529    -41.7469    -42.2759    -43.1609    -42.8319    -167.5640    -20.5150    124.8490    -78.3510    66.2350    -147.2810    10.6820    161.3600    -53.9950    100.5110    -105.2960
      46    82.8000    0.0000    -42.9659    -42.6849    -42.9229    -42.0909    -42.8609    -42.0779    -42.2539    -41.9149    -42.9639    -43.0679    -42.9499    -119.6730    28.5710    176.4740    -28.5780    116.9420    -91.3640    63.0000    -142.6610    3.3120    166.8440    -51.9450
      47    84.6000    0.0000    -44.0389    -44.0789    -44.3499    -43.3749    -43.4869    -42.6379    -43.8449    -43.3139    -43.7129    -42.1189    -43.6279    -69.0800    78.8980    -129.9580    24.6430    177.0040    -30.9480    112.9330    -81.2200    70.6180    -130.2660    13.9750
      48    86.4000    0.0000    -46.9189    -45.6579    -46.2589    -44.9079    -44.4229    -42.9699    -45.7839    -44.7069    -44.1419    -41.7299    -43.4479    -13.9750    142.7820    -65.5770    94.4250    -121.3940    23.5120    175.1630    -16.7650    143.9920    -63.0040    80.9060
      49    88.2000    0.0000    -47.2469    -46.2389    -46.6739    -44.3179    -43.7669    -44.2499    -48.0739    -44.4339    -42.8099    -40.8869    -42.2669    73.0090    -146.7330    16.4150    162.6180    -52.1180    83.6020    -114.4930    57.0100    -149.8880    -3.2540    145.6000
      50    90.0000    0.0000    -43.9309    -45.1499    -44.4409    -42.6149    -43.0859    -45.3409    -48.1599    -43.6789    -42.4619    -41.3799    -42.6779    140.5630    -75.3110    84.6110    -130.8800    1.8710    151.0620    -30.7390    127.1120    -90.7920    55.4160    -158.7200
      51    91.8000    0.0000    -41.8519    -42.8509    -42.3479    -42.0689    -43.5759    -46.9269    -46.4409    -42.9399    -43.0359    -42.5469    -44.0559    -172.1120    -16.5020    138.7750    -80.1370    55.8740    -141.0570    43.2740    -171.2150    -29.6340    122.5860    -97.8250
      52    93.6000    0.0000    -41.6999    -41.8039    -41.1249    -42.4659    -46.1079    -47.3929    -44.9249    -43.5519    -44.2929    -43.1489    -45.7869    -121.7630    35.4020    -169.7500    -25.0930    125.2570    -55.4610    107.6250    -105.9160    43.6980    -159.9110    -17.8260
      53    95.4000    0.0000    -41.2619    -41.4489    -41.6559    -43.6109    -45.8229    -43.4879    -43.0959    -43.1769    -42.7939    -41.8689    -44.6409    -68.1680    87.0640    -116.9950    37.2430    -148.5820    23.5460    173.2250    -28.1510    120.4960    -86.4260    67.6120
      54    97.2000    0.0000    -41.1989    -41.1649    -42.3499    -43.4219    -42.4789    -40.3679    -41.5089    -40.5939    -40.2659    -40.1949    -41.8299    -13.8760    142.6350    -58.9760    116.2130    -75.4710    78.9620    -127.3370    41.0910    -172.3850    -18.5640    135.9600
      55    99.0000    0.0000    -41.0199    -40.5459    -42.3039    -40.0809    -39.3549    -38.3549    -40.2579    -38.2309    -38.5439    -38.8049    -40.2459    40.0790    -160.9420    11.7350    -178.0380    -18.6230    129.2300    -67.6930    99.2540    -117.4740    42.1300    -165.9800
      56    100.8000    0.0000    -40.3589    -40.7679    -40.5019    -37.8169    -37.4179    -37.2349    -39.2709    -36.6419    -38.2949    -38.0659    -39.7439    96.5260    -104.3110    73.7810    -126.1760    29.7380    -175.5970    -13.5820    149.7180    -62.5370    100.6090    -107.1160
      57    102.6000    0.0000    -39.9019    -40.5269    -38.3579    -36.4649    -36.6689    -36.7939    -38.1039    -36.2119    -38.6839    -37.5149    -39.7759    148.4310    -42.9640    129.0280    -76.4570    77.7910    -126.2370    40.8900    -159.3260    -3.7900    162.1470    -48.3860
      58    104.4000    0.0000    -39.5799    -39.3449    -36.8529    -35.8309    -36.3339    -36.3259    -37.8539    -36.6579    -38.8429    -37.0809    -40.1199    -156.6040    16.0630    178.0940    -28.8940    128.7810    -75.9120    91.7900    -107.2990    56.3990    -140.3070    12.3870
      59    106.2000    0.0000    -39.1849    -37.5829    -35.9769    -35.3199    -36.0339    -36.6289    -38.1769    -37.7409    -38.2329    -37.6299    -40.5599    -99.6210    69.2350    -136.1750    20.6340    177.6660    -25.8650    142.9070    -52.0210    117.8620    -85.3900    72.8030
      60    108.0000    0.0000    -37.7189    -36.3269    -35.7589    -35.1969    -36.1469    -37.4059    -39.4019    -38.6939    -38.1929    -39.0669    -41.9669    -45.2650    116.4630    -90.7540    68.7640    -135.2660    23.6930    -161.6270    9.3830    172.5000    -26.8980    141.3860
      61    109.8000    0.0000    -36.5259    -35.7329    -36.1629    -35.9709    -37.4359    -39.4589    -40.9759    -39.5819    -39.8309    -41.7639    -42.5019    1.2410    158.2980    -45.7310    113.5760    -89.0660    78.3680    -106.1490    67.7290    -134.4710    43.5150    -142.3540
      62    111.6000    0.0000    -36.1119    -36.1759    -37.3009    -37.3779    -40.0099    -41.8929    -42.2909    -41.0329    -42.6869    -41.1349    -40.9479    42.3490    -160.8080    0.1500    160.6860    -38.4670    139.7990    -43.2640    127.7960    -62.8160    127.3720    -72.3160
      63    113.4000    0.0000    -36.7569    -37.7489    -39.3149    -40.0709    -43.8639    -43.2699    -43.4249    -43.4219    -43.1799    -38.8429    -39.5889    82.1880    -118.2910    51.4570    -145.1220    22.3510    -149.2080    23.7100    -157.8010    27.4430    -164.3210    -14.3490
      64    115.2000    0.0000    -38.4179    -40.7179    -41.2549    -43.3259    -44.7539    -42.2519    -44.1929    -42.4969    -39.5329    -37.2569    -39.9339    125.4300    -68.0590    112.7640    -79.0020    111.9230    -73.5190    94.6820    -69.7780    94.9350    -110.6270    41.3700
      65    117.0000    0.0000    -41.1399    -43.5659    -41.7719    -43.2579    -41.8029    -40.6739    -42.8009    -39.0509    -37.5589    -37.7399    -41.6349    178.9430    4.5040    -178.7300    -0.8540    -176.6250    -9.7430    167.8670    -8.2830    144.8770    -57.7370    101.9320
      66    118.8000    0.0000    -42.8249    -41.9569    -40.8299    -41.0519    -39.6369    -39.2469    -40.7289    -36.9839    -37.0579    -38.7079    -42.1139    -116.5960    80.8210    -117.7580    66.5790    -120.7940    44.3690    -132.6020    40.5130    -166.8600    1.9350    178.4100
      67    120.6000    0.0000    -41.0129    -39.1649    -39.3979    -38.3439    -37.8389    -38.1469    -38.8989    -36.4279    -38.1909    -39.3729    -40.5949    -47.4270    134.5700    -62.1460    120.5320    -72.2790    96.2160    -80.2040    87.9130    -116.8940    70.2890    -110.9830
      68    122.4000    0.0000    -39.1889    -36.8929    -37.9109    -36.9139    -37.3689    -37.4559    -37.8669    -36.7429    -39.2659    -38.2509    -38.5699    5.3880    177.8550    -10.8790    164.0660    -28.9160    146.6960    -34.2600    135.4920    -53.9810    134.0140    -53.5790
      69    124.2000    0.0000    -37.3189    -35.7779    -36.6389    -35.9949    -36.8969    -37.2529    -38.1499    -37.4689    -38.9379    -36.8979    -37.3579    52.3380    -140.3710    33.7360    -153.5650    14.5250    -165.0670    13.2740    -174.8370    9.4180    -168.2600    -3.7910
      70    126.0000    0.0000    -35.9819    -35.2929    -35.8229    -35.8889    -37.4549    -37.0779    -38.5589    -37.7929    -37.3799    -35.7799    -37.1949    91.9330    -101.6190    74.4110    -113.7330    59.9960    -117.8970    60.8640    -116.1530    64.6630    -119.9190    44.5430
      71    127.8000    0.0000    -35.1179    -35.1569    -35.4929    -36.3979    -38.1179    -36.9669    -38.5859    -37.1589    -36.5549    -35.5289    -37.9219    129.7410    -63.6430    114.2820    -72.6810    112.4410    -67.2000    113.0320    -62.2850    110.3150    -71.5640    95.7110
      72    129.6000    0.0000    -34.6429    -35.3919    -35.8809    -37.1999    -37.8529    -36.7629    -38.0789    -36.4489    -36.5669    -36.0259    -38.2299    167.5290    -21.9170    154.6090    -29.3380    163.0090    -20.6600    161.0040    -15.2340    154.0340    -24.8480    153.8760
      73    131.4000    0.0000    -34.9559    -35.7809    -36.0759    -37.2799    -37.0829    -36.0549    -37.3269    -36.0549    -37.3219    -36.4999    -37.4059    -152.7600    21.3830    -162.6780    22.5820    -151.7720    24.5870    -154.3180    26.3710    -159.7760    24.0550    -154.4330
      74    133.2000    0.0000    -34.9529    -35.4639    -35.9569    -36.3349    -36.5229    -35.7319    -37.2269    -36.4929    -37.9559    -36.3449    -36.7759    -108.7620    67.6800    -116.1040    67.9470    -111.2430    66.1140    -113.5890    68.9480    -108.7120    74.4440    -109.4740
      75    135.0000    0.0000    -34.5209    -34.6349    -35.2179    -35.5309    -36.3249    -35.8649    -37.3279    -37.4269    -37.5759    -35.7329    -36.5459    -64.8040    111.9810    -75.7130    107.7270    -71.7050    107.1790    -73.5960    113.0470    -57.3290    121.8300    -68.7160
      76    136.8000    0.0000    -33.2899    -33.4729    -34.7369    -35.4189    -36.3649    -35.6869    -37.5859    -37.5379    -36.3779    -35.0379    -36.9149    -24.2660    151.3570    -36.3900    145.7700    -28.2300    153.4800    -29.9400    164.0640    -11.4120    164.3150    -30.0750
      77    138.6000    0.0000    -32.2419    -32.7269    -34.5169    -35.5689    -36.1479    -34.8659    -37.4449    -36.4559    -35.2809    -34.7869    -37.3799    11.7110    -174.0260    2.5230    -174.5720    19.0890    -163.5180    12.8600    -149.7130    27.7330    -157.1210    14.0820
      78    140.4000    0.0000    -31.6359    -32.7169    -34.6219    -35.6919    -34.5629    -33.6139    -36.5959    -35.1509    -34.8679    -35.0159    -37.5939    46.2580    -140.4320    45.5660    -127.0530    64.9950    -122.8180    58.0190    -108.0470    66.6300    -115.2370    60.1770
      79    142.2000    0.0000    -31.2189    -32.8579    -34.1719    -34.1729    -32.6279    -32.6039    -35.8119    -34.3909    -34.5349    -34.5609    -36.9279    80.1680    -102.3010    90.7230    -78.6270    101.6020    -86.9570    96.9600    -71.0710    105.8970    -73.1090    104.9450
      80    144.0000    0.0000    -30.8889    -32.7609    -32.5689    -31.8519    -31.2379    -31.7539    -35.1779    -33.7369    -33.7979    -33.1939    -35.6599    115.9630    -59.7000    133.2270    -39.0640    133.0970    -54.8760    133.3400    -31.6210    145.2240    -34.2250    143.0820
      81    145.8000    0.0000    -30.0689    -31.8689    -30.6989    -29.8339    -30.2039    -31.4929    -34.5899    -32.6809    -32.4329    -31.7649    -34.5339    152.9480    -19.1790    169.2100    -7.4420    162.4130    -23.6160    170.7230    7.1230    -178.0420    -0.7260    177.4120
      82    147.6000    0.0000    -29.1949    -30.3259    -29.0459    -28.5349    -29.6619    -31.1419    -33.8039    -31.0189    -30.8829    -30.8139    -34.3489    -173.8040    15.6650    -160.2580    19.5460    -170.1140    9.8310    -150.8730    43.1510    -146.9220    28.4270    -149.7600
      83    149.4000    0.0000    -28.2429    -29.0209    -27.8879    -27.5609    -29.3739    -30.6069    -32.2129    -29.2519    -29.6749    -30.4979    -34.2889    -144.7980    45.5240    -132.9530    46.2570    -141.2980    43.4690    -116.2300    71.1980    -120.7130    57.1030    -117.1950
      84    151.2000    0.0000    -27.4409    -27.9359    -27.1259    -26.8409    -28.8579    -29.6069    -30.5459    -27.8539    -29.0029    -30.5849    -33.7049    -118.2030    71.6630    -107.2360    72.1860    -111.2350    77.7240    -86.2700    95.6210    -94.9940    86.7950    -81.5080
      85    153.0000    0.0000    -26.8359    -27.0879    -26.5249    -26.2319    -28.1769    -28.4239    -29.2019    -27.0589    -29.0609    -30.5799    -32.5779    -94.6790    96.3520    -81.8920    97.3770    -82.7460    105.6340    -63.5820    117.1180    -70.7020    118.4800    -48.2550
      86    154.8000    0.0000    -26.3999    -26.3679    -25.9079    -25.5209    -27.2409    -27.4049    -28.1879    -26.7259    -29.2269    -30.1169    -30.9019    -71.1200    120.0870    -57.5830    121.1180    -56.8720    128.9710    -43.6140    138.3880    -45.7650    148.6490    -20.6530
      87    156.6000    0.0000    -25.9129    -25.7419    -25.2439    -24.9239    -26.1939    -26.5859    -27.6389    -26.6749    -29.2179    -29.0429    -29.3239    -48.6430    141.6710    -35.5640    142.1470    -35.3310    148.6140    -26.2350    158.3600    -20.2980    174.4470    1.1310
      88    158.4000    0.0000    -25.4129    -25.1439    -24.5949    -24.3949    -25.3669    -26.0139    -27.5129    -26.6949    -28.8319    -28.0259    -28.0609    -27.5990    160.5580    -16.2830    160.5160    -17.2300    166.9530    -9.9180    178.3340    4.2000    -163.8640    18.5080
      89    160.2000    0.0000    -24.6449    -24.5869    -24.0839    -23.8929    -24.8509    -25.5819    -27.4939    -26.6059    -28.0439    -27.1339    -27.3449    -9.3250    177.2240    -0.7670    176.5760    -1.6250    -177.0890    7.6800    -163.0760    24.7960    -146.1540    32.0480
      90    162.0000    0.0000    -23.8809    -24.0459    -23.7439    -23.5889    -24.6739    -25.2269    -27.4519    -26.3939    -27.1859    -26.3929    -27.0359    5.2760    -169.2630    11.5750    -168.7700    11.8390    -163.8690    23.6670    -146.4900    39.1340    -131.1560    44.7740
      91    163.8000    0.0000    -23.2049    -23.5779    -23.5389    -23.3809    -24.7899    -25.0629    -27.1699    -26.1659    -26.5759    -25.9009    -26.9569    16.7650    -158.4890    22.1680    -156.1560    24.3220    -152.7510    38.2160    -132.8720    50.5920    -120.0240    55.9750
      92    165.6000    0.0000    -22.7689    -23.2229    -23.5509    -23.3299    -24.8299    -25.1349    -26.9129    -25.9019    -26.3369    -25.6689    -26.9329    25.4040    -150.7650    30.6350    -146.7250    35.0460    -143.7000    49.1690    -122.2760    58.3790    -112.6050    65.3390
      93    167.4000    0.0000    -22.5549    -22.9269    -23.6969    -23.4719    -24.6819    -25.2839    -26.6059    -25.5759    -26.4999    -25.7559    -26.9009    31.5080    -145.9660    37.7840    -140.9790    43.4190    -136.1330    55.5050    -114.3970    64.5090    -107.7340    72.1540
      94    169.2000    0.0000    -22.5369    -22.7889    -23.9339    -23.7909    -24.5589    -25.5679    -26.5019    -25.4479    -26.6759    -26.0279    -26.9909    35.9690    -142.0740    43.4910    -137.3450    49.4530    -130.3940    59.9420    -108.8890    68.6990    -104.5590    76.9020
      95    171.0000    0.0000    -22.5819    -22.8089    -24.1579    -23.9949    -24.6289    -25.5989    -26.4929    -25.5519    -26.9619    -26.3639    -27.3559    38.8340    -140.0390    45.9200    -135.6200    52.6450    -127.0420    63.0200    -107.0920    69.6580    -102.6770    78.8910
      96    172.8000    0.0000    -22.7159    -23.0729    -24.3709    -24.1969    -25.0029    -25.6579    -26.7839    -25.8559    -27.0659    -26.6949    -27.9729    40.0840    -138.9930    45.4640    -134.7930    51.9140    -126.6700    64.1120    -109.0290    67.9710    -102.2170    77.8420
      97    174.6000    0.0000    -22.9389    -23.4909    -24.4909    -24.3929    -25.5329    -25.7579    -27.2079    -26.2179    -27.2849    -27.1589    -28.5619    39.2750    -139.6270    41.2850    -135.7310    48.6960    -129.8970    62.6290    -113.5230    63.8990    -104.9880    73.9380
      98    176.4000    0.0000    -23.3939    -24.0299    -24.5959    -24.7099    -26.1069    -26.0319    -27.7599    -26.5699    -27.6569    -27.8629    -29.1159    36.6960    -142.5670    36.0560    -139.2910    42.4200    -134.0320    57.9180    -120.8140    58.4000    -111.3200    67.4960
      99    178.2000    0.0000    -24.1069    -24.5979    -24.7289    -25.2479    -26.5599    -26.5419    -28.2559    -26.8689    -28.2889    -28.5909    -29.5559    31.8720    -148.1040    30.1920    -145.8210    35.5920    -139.4350    49.7760    -129.5210    50.6400    -119.6230    60.1070
     100    180.0000    0.0000    -24.9369    -25.2399    -25.1749    -25.9309    -26.9709    -27.3479    -28.8199    -27.2229    -29.0289    -29.3169    -30.1129    24.4980    -156.3860    23.2600    -155.6560    25.9150    -147.3470    39.2470    -139.8890    40.1600    -131.3050    50.9240
     101    181.8000    0.0000    -25.9709    -25.8379    -25.8929    -26.6639    -27.5279    -28.1589    -29.3079    -27.6459    -29.6929    -30.2679    -31.0119    13.6120    -166.5020    13.6900    -168.2660    15.7650    -157.6600    27.5000    -151.7380    25.4350    -145.1280    39.1950
     102    183.6000    0.0000    -26.8909    -26.5409    -26.8939    -27.3589    -28.3999    -29.0579    -29.7709    -28.0609    -30.3309    -31.2269    -32.1839    -0.0600    -179.9530    0.3910    177.2390    2.9420    -171.9110    15.2690    -166.3760    8.6600    -161.7330    25.8180
     103    185.4000    0.0000    -27.7829    -27.3599    -27.8089    -28.2329    -29.6489    -30.0259    -30.4719    -28.4619    -30.8089    -32.2429    -33.3549    -16.4970    165.1550    -16.9010    160.8870    -12.5670    172.6100    0.9030    178.3000    -9.7260    177.1100    7.8250
     104    187.2000    0.0000    -28.6749    -28.1379    -28.7009    -29.1579    -31.0409    -31.1979    -31.6089    -28.9099    -31.1209    -32.8359    -34.7929    -34.9270    147.4830    -37.2390    142.5860    -31.2480    154.7250    -14.0610    161.4370    -30.1090    153.3440    -13.7290
     105    189.0000    0.0000    -29.5709    -28.8769    -29.4119    -30.0609    -32.5419    -32.5419    -32.9279    -29.6619    -31.3089    -32.7579    -35.8039    -54.4480    128.1190    -59.3320    121.3760    -53.8550    134.8460    -31.3850    144.5290    -49.5530    128.8330    -39.0620
     106    190.8000    0.0000    -30.8199    -29.8399    -30.0579    -30.7919    -33.4379    -34.2079    -34.4819    -30.6999    -31.5709    -32.5189    -36.2679    -76.0340    108.5800    -80.9280    97.8340    -80.5740    111.0650    -51.2620    127.1720    -69.4180    106.1280    -67.5500
     107    192.6000    0.0000    -32.2729    -31.1709    -30.7949    -31.6029    -34.1989    -35.4649    -36.5229    -32.2859    -32.2849    -32.3909    -36.3519    -100.5240    86.9510    -103.4730    73.2040    -107.9360    81.6020    -77.0020    107.7180    -89.0330    83.5230    -98.7980
     108    194.4000    0.0000    -33.8559    -32.9299    -31.9399    -32.4179    -34.5239    -36.2179    -38.0959    -34.1279    -33.2749    -32.4289    -35.9769    -131.7980    62.3790    -126.8810    49.4510    -134.4570    49.1630    -109.8180    83.9900    -110.2310    61.4810    -126.4790
     109    196.2000    0.0000    -34.2579    -35.0089    -33.5869    -33.5369    -34.9709    -36.2569    -38.9249    -36.0459    -34.9239    -33.2879    -35.8169    -167.7500    29.4440    -151.4740    23.1500    -160.5190    16.0600    -148.1220    51.9060    -134.8960    38.1730    -155.3090
     110    198.0000    0.0000    -33.9139    -36.2679    -35.4449    -35.2109    -35.7499    -36.3159    -38.5209    -37.7019    -37.1339    -34.7459    -35.9989    157.9350    -10.8420    176.2350    -6.1220    172.6190    -11.8950    175.0340    8.8250    -166.8170    9.6820    175.1810
     111    199.8000    0.0000    -33.2889    -36.0699    -36.6219    -36.7809    -37.0199    -36.6279    -37.9089    -37.4029    -38.4409    -36.4229    -36.8779    129.9520    -52.2680    136.0620    -40.4750    143.3670    -38.5370    143.1930    -34.1310    147.3330    -25.6240    141.1830
     112    201.6000    0.0000    -33.2039    -34.8849    -36.6239    -37.5239    -38.3919    -37.6409    -38.1659    -36.5449    -38.0269    -38.0479    -38.2779    103.3180    -86.4040    95.7220    -82.4120    105.7870    -70.6630    114.3110    -70.6970    97.8180    -70.6690    102.0710
     113    203.4000    0.0000    -33.7119    -34.5209    -35.9759    -36.7909    -39.0439    -39.2259    -39.2589    -36.0039    -36.4499    -37.6219    -39.1329    80.1060    -115.5890    58.6450    -122.2930    62.5340    -112.8770    82.2130    -104.8860    57.9090    -124.8350    51.2760
     114    205.2000    0.0000    -35.1759    -34.9679    -35.6019    -36.1219    -38.2169    -39.5119    -41.5229    -36.6759    -35.5769    -36.1559    -38.7509    51.2370    -143.8170    27.1460    -156.5350    16.4130    -164.3280    39.5620    -137.8680    21.4970    -171.7510    -3.5440
     115    207.0000    0.0000    -36.9949    -36.1399    -36.3899    -36.0629    -36.8299    -37.8389    -42.2169    -38.7639    -36.1279    -35.4319    -37.6619    15.3060    -174.6890    -3.3890    172.7740    -21.0770    149.8390    -21.5550    -177.7550    -11.0550    150.4270    -48.5710
     116    208.8000    0.0000    -38.0569    -37.6369    -37.7109    -37.0549    -36.5329    -36.2399    -40.1799    -41.4639    -38.0779    -35.7309    -36.9029    -31.6070    144.3590    -41.1430    138.7780    -53.7160    112.4010    -80.2460    122.8910    -50.7260    111.6910    -91.1150
     117    210.6000    0.0000    -37.5349    -37.9779    -39.0179    -38.7449    -37.2099    -35.6799    -37.7819    -40.3689    -41.7839    -37.5539    -37.3059    -77.4090    94.0120    -89.4360    100.1680    -86.7040    77.9200    -123.3920    48.1220    -109.7590    70.1320    -130.1890
     118    212.4000    0.0000    -37.0489    -37.0659    -38.5549    -40.6689    -39.0249    -36.3359    -36.7509    -36.8369    -41.5079    -40.9579    -39.9079    -115.8930    49.8010    -143.5130    45.9470    -130.0690    41.9800    -160.2270    -4.5870    166.2690    6.5550    -177.4140
     119    214.2000    0.0000    -37.3699    -36.5589    -36.8009    -39.9029    -40.8839    -38.3399    -36.9829    -35.1359    -37.6949    -40.7269    -43.4609    -153.5530    11.4670    173.8830    -15.4680    171.9300    -2.4760    162.1430    -44.3940    106.9120    -77.1320    114.7100
     120    216.0000    0.0000    -38.4159    -37.0539    -36.0849    -37.9659    -40.0319    -40.2059    -38.4319    -35.1369    -35.5959    -37.1659    -42.5989    161.8390    -29.4140    136.5370    -64.2190    109.8500    -63.4460    117.5500    -83.9440    63.1130    -139.5370    23.5080
     121    217.8000    0.0000    -38.9299    -38.6449    -36.9669    -37.2719    -38.3709    -39.3959    -40.5079    -36.4379    -35.3219    -35.1339    -38.3679    104.3980    -75.5090    97.0290    -104.8650    63.0180    -126.5730    62.0400    -128.3040    22.9490    174.9970    -37.1860
     122    219.6000    0.0000    -37.3169    -39.1489    -38.9979    -38.0849    -37.9889    -38.0019    -40.3459    -37.9829    -36.5349    -34.7519    -36.5209    52.7200    -136.1070    48.6550    -148.8270    16.6790    -178.2450    -3.8120    176.0150    -21.7050    131.2050    -81.5840
     123    221.4000    0.0000    -35.8839    -37.0259    -39.3489    -39.2299    -39.4659    -38.1099    -39.9209    -38.6449    -38.5889    -35.4829    -36.4129    12.9070    169.8550    -16.2660    154.3010    -31.6500    134.4880    -61.5670    112.3370    -75.7000    85.0590    -126.8090
     124    223.2000    0.0000    -35.5359    -35.7639    -37.8599    -37.8799    -40.6039    -39.2439    -39.6809    -38.4039    -39.9939    -37.4629    -37.5329    -22.8020    129.5960    -72.5620    91.9480    -95.4970    80.1940    -117.5860    51.6170    -144.1860    31.4350    -174.5970
     125    225.0000    0.0000    -36.5879    -35.5629    -36.2139    -36.1619    -38.5049    -39.4449    -39.9439    -38.4159    -39.7929    -39.8579    -39.7689    -62.1200    91.8560    -117.1280    44.8340    -158.8680    15.4410    -174.0550    -7.7450    148.0180    -34.7120    128.4480
     126    226.8000    0.0000    -38.9459    -37.2149    -36.5799    -35.6859    -36.7549    -37.7909    -39.1229    -38.3969    -38.9969    -40.4329    -42.2719    -112.7820    51.3370    -155.5180    5.1810    154.7220    -46.0260    127.0050    -69.3610    84.2060    -109.3220    62.7570
     127    228.6000    0.0000    -39.5679    -39.4919    -38.4059    -36.8969    -36.4419    -36.4749    -38.0019    -37.2889    -38.4269    -38.8289    -43.3919    -175.6510    -3.5170    159.4670    -35.4420    115.8490    -91.4090    75.5770    -127.3340    24.2930    -179.2690    -16.1430
     128    230.4000    0.0000    -38.4439    -39.7389    -40.8809    -39.9179    -38.2359    -36.9229    -37.9319    -36.8459    -37.9889    -37.9249    -42.3159    130.2750    -68.4270    98.3600    -80.3160    76.1300    -133.0750    26.7060    -178.0400    -29.0600    125.4760    -88.7600
     129    232.2000    0.0000    -38.0169    -38.7359    -40.1029    -43.1239    -41.9279    -39.1889    -39.1969    -37.5699    -38.3689    -37.8559    -41.3019    90.9720    -119.0000    33.3810    -147.2420    26.7710    -174.4540    -15.6990    135.7330    -80.3250    74.3270    -148.9070
     130    234.0000    0.0000    -40.2789    -39.3789    -39.3459    -43.4209    -45.8529    -43.6189    -42.2999    -39.6089    -40.4629    -39.4339    -41.2859    54.0650    -159.2420    -15.8010    138.1640    -43.6710    133.6480    -61.4720    87.0100    -133.6840    22.3250    159.0430
     131    235.8000    0.0000    -47.1209    -42.7499    -40.8959    -42.4549    -45.8049    -49.5779    -48.4819    -44.0759    -43.8769    -43.6689    -43.7319    7.6630    163.7490    -54.3840    82.6170    -124.6040    43.5910    -119.9010    30.1240    166.5450    -35.9860    103.6440
     132    237.6000    0.0000    -49.3409    -53.3129    -45.5049    -44.2669    -46.0629    -46.9209    -54.4429    -49.1449    -47.8369    -48.2309    -48.1339    -121.7440    93.1860    -96.2140    30.7830    170.6220    -44.7090    116.6930    -51.5970    85.2120    -135.0690    30.9410
     133    239.4000    0.0000    -42.3249    -47.1179    -57.5439    -48.5609    -47.8939    -45.8719    -49.5919    -49.1999    -47.9269    -45.0809    -49.3749    176.2310    -57.1860    148.0270    -39.3580    96.3720    -110.3290    21.0750    -158.8870    -11.2700    128.8880    -81.9710
     134    241.2000    0.0000    -39.9629    -41.2519    -45.3769    -47.3799    -46.1789    -45.7359    -45.8259    -46.4149    -45.2349    -42.6419    -44.8819    132.8780    -96.7020    46.3110    -144.7500    11.5040    172.9410    -44.8890    112.8620    -84.2390    67.3510    -159.5880
     135    243.0000    0.0000    -39.7549    -39.4989    -41.4129    -43.5319    -43.2299    -43.2139    -43.4759    -42.6079    -44.6829    -41.4679    -41.9499    89.4470    -136.8440    -2.1480    153.5780    -51.7430    100.7890    -104.1110    42.0250    -156.5060    2.7470    144.7960
     136    244.8000    0.0000    -41.0049    -39.5499    -40.1149    -41.6499    -40.9239    -41.3199    -41.3449    -40.1459    -42.5979    -41.3169    -41.2939    45.1160    -179.6130    -46.9830    103.0970    -104.3360    44.4370    -157.1860    -15.3300    134.7720    -59.7800    87.9470
     137    246.6000    0.0000    -42.7599    -40.5439    -39.5459    -41.0279    -40.9489    -40.1919    -41.0319    -38.6699    -40.5419    -41.1149    -41.4099    -11.3340    128.8930    -95.6120    47.1950    -154.9040    -11.6290    146.1730    -66.3380    72.9680    -124.6320    28.4320
     138    248.4000    0.0000    -44.2239    -41.7499    -40.0879    -40.0969    -41.0249    -39.4889    -40.7359    -38.3019    -39.5879    -40.1009    -42.5259    -78.3100    75.1460    -147.0140    -7.1150    149.2830    -65.1480    87.9890    -117.5710    16.7100    168.8360    -30.8460
     139    250.2000    0.0000    -44.0279    -42.6109    -40.7599    -39.7759    -40.6279    -39.1999    -40.4659    -38.7449    -38.5469    -39.2889    -44.1779    -143.7790    8.9610    159.9060    -60.3370    92.8440    -118.2880    33.2020    -172.0150    -37.5670    108.9340    -98.0790
     140    252.0000    0.0000    -42.7309    -42.1509    -41.2529    -39.6629    -40.0959    -39.1539    -40.3159    -38.9099    -38.7009    -38.7369    -43.5299    153.7410    -53.4770    105.0570    -108.3950    37.7150    -172.8850    -24.1310    130.9450    -90.7270    53.0680    -172.2790
     141    253.8000    0.0000    -41.5559    -41.1569    -42.0639    -40.7439    -40.4379    -39.2719    -39.8339    -39.3019    -39.7129    -38.7479    -42.3439    100.4130    -109.5760    44.6320    -159.9580    -14.1760    136.4970    -75.9360    72.0550    -142.7740    -0.7040    126.6230
     142    255.6000    0.0000    -40.8509    -40.8299    -42.1269    -41.5959    -41.0779    -39.8429    -40.4479    -39.8899    -40.6529    -39.6739    -42.1059    46.8900    -162.2200    -14.7510    144.5570    -61.8410    87.3990    -124.2200    19.2210    159.7610    -53.7100    73.1990
     143    257.4000    0.0000    -40.7229    -40.4679    -41.6119    -42.6269    -42.8529    -41.5309    -41.4109    -40.3339    -42.0479    -41.9769    -42.9699    -6.7340    143.4160    -73.6330    86.2780    -115.0140    34.7550    -176.1720    -35.9990    103.6600    -104.8860    22.1750
     144    259.2000    0.0000    -39.6839    -39.6329    -40.9179    -42.7709    -44.8449    -43.1139    -43.1639    -41.5309    -43.6069    -44.4439    -45.2889    -57.4500    91.8830    -129.7800    23.8220    -175.7530    -18.1760    137.3890    -85.8500    45.6330    -171.1040    -31.3160
     145    261.0000    0.0000    -39.0929    -39.6249    -39.7389    -42.4429    -45.8869    -46.3289    -46.3179    -43.6959    -45.4259    -46.9609    -49.1409    -99.6160    48.6810    -177.9120    -35.0980    120.1540    -73.9070    83.8980    -138.1010    -8.0810    125.3470    -88.1250
     146    262.8000    0.0000    -38.9029    -40.1099    -39.6019    -41.2639    -45.0309    -48.3839    -50.0859    -46.6289    -48.1829    -49.9679    -56.0229    -140.2340    3.9180    141.9400    -83.4760    56.4890    -143.4020    25.9530    166.6290    -63.9490    54.3600    -171.3070
     147    264.6000    0.0000    -40.1989    -41.0359    -40.6819    -41.1779    -44.5549    -48.3739    -54.0069    -50.0059    -54.1249    -50.4809    -57.0539    -176.3150    -31.3520    105.5460    -123.1580    6.5850    145.2370    -39.1640    105.4490    -140.4160    -33.2670    80.1420
     148    266.4000    0.0000    -42.5859    -43.4679    -42.6939    -42.2479    -45.1389    -48.5999    -55.4899    -55.2149    -55.7419    -53.1619    -52.6869    147.7700    -64.3530    76.2590    -158.3980    -35.5120    100.8750    -120.2850    36.6220    113.6610    -106.8760    -21.2000
     149    268.2000    0.0000    -46.8189    -49.0769    -46.3169    -45.2389    -47.1349    -51.2179    -58.1509    -58.7419    -55.1989    -50.8199    -48.3339    111.9280    -97.1500    53.1290    179.4900    -60.3890    61.6260    169.4140    -59.5960    45.8120    165.5710    -77.1780
     150    270.0000    0.0000    -55.3879    -60.7069    -49.6159    -48.1269    -50.2229    -58.2719    -68.4789    -58.8259    -52.7089    -48.7019    -47.0079    83.4080    -119.3050    51.4600    165.9400    -70.3880    53.6420    89.6530    168.1940    -34.8800    95.1240    -126.6600
     151    271.8000    0.0000    -61.1799    -57.0689    -49.2799    -48.7539    -52.6179    -58.0979    -56.7449    -51.3829    -51.6709    -46.9069    -46.3029    -139.9260    -20.7440    68.7010    176.5320    -54.8950    120.9670    -58.4830    94.4900    -102.0150    39.5120    -179.1720
     152    273.6000    0.0000    -52.4499    -50.7199    -47.0069    -47.4119    -50.3279    -48.9999    -49.6909    -47.7289    -49.5909    -45.7729    -46.3719    -172.8270    -49.8470    58.5230    171.1970    -56.1200    91.8170    -109.3610    38.0390    -170.2680    -19.2170    124.3980
     153    275.4000    0.0000    -51.0009    -48.7669    -45.9889    -44.9419    -47.2529    -46.1509    -46.6839    -44.8549    -46.8119    -45.1209    -46.4299    149.3660    -89.9880    26.3510    141.3920    -80.8640    63.8340    -147.1320    -4.1120    128.6760    -71.4030    70.4540
     154    277.2000    0.0000    -50.1049    -48.2409    -45.3139    -43.8979    -45.8599    -44.7599    -45.0819    -43.4329    -44.8469    -45.0419    -47.1939    89.5600    -139.1940    -17.2310    109.9480    -117.0940    24.3440    168.4120    -50.5790    84.0620    -127.5820    13.2080
     155    279.0000    0.0000    -48.1699    -47.3379    -44.4959    -43.2109    -44.6109    -43.3579    -44.8169    -42.3579    -44.3139    -44.2729    -47.4819    38.5790    160.6610    -62.2860    68.2630    -157.4130    -17.9070    127.1200    -94.6430    38.1050    179.0830    -44.0430
     156    280.8000    0.0000    -46.5259    -44.6339    -44.1079    -42.6799    -43.6519    -42.6699    -44.1999    -41.8399    -43.3669    -44.5449    -47.5219    -12.0360    114.9850    -112.8090    22.1060    152.8770    -58.7870    80.5050    -138.5940    -13.3180    129.6560    -95.9300
     157    282.6000    0.0000    -44.5399    -43.0669    -42.7639    -42.2499    -42.9759    -43.0119    -43.3339    -42.5029    -42.9869    -43.9289    -46.8189    -60.0830    74.2510    -157.4270    -18.8730    110.8160    -103.9040    35.4570    178.0510    -56.1310    80.1870    -151.5440
     158    284.4000    0.0000    -43.0939    -42.3989    -41.8279    -41.8929    -42.0339    -42.6359    -43.2529    -42.4619    -43.6199    -44.4869    -47.0449    -99.5610    32.0720    158.8580    -60.5030    68.4610    -148.1020    -7.7820    129.4940    -100.0710    32.3940    158.6530
     159    286.2000    0.0000    -42.0499    -41.5129    -40.6629    -41.2929    -41.5939    -42.5769    -43.7709    -42.7149    -44.5839    -44.6199    -47.5779    -140.7880    -6.4460    123.3870    -101.2490    32.3520    169.6560    -49.7390    85.1800    -144.0480    -18.9060    110.4870
     160    288.0000    0.0000    -41.6419    -40.7799    -40.7619    -41.1499    -41.7359    -42.6929    -44.4569    -42.9729    -44.9959    -46.1129    -49.0609    -179.1120    -43.3840    88.9550    -144.3000    -4.7560    125.9030    -92.9680    43.5890    168.6520    -63.0960    62.1120
     161    289.8000    0.0000    -41.3869    -40.7139    -41.0969    -41.3089    -42.0149    -42.9409    -44.5759    -43.4759    -45.7439    -46.7769    -50.4649    147.8540    -79.8160    52.5660    -179.2940    -43.0090    87.7810    -133.6400    -0.5270    121.0090    -113.4480    8.6370
     162    291.6000    0.0000    -41.4249    -41.7299    -41.6789    -41.7299    -42.7149    -43.9979    -45.7159    -44.2509    -46.8099    -47.3409    -50.1979    113.7200    -112.7670    14.4760    147.0700    -78.9500    49.4210    -171.8100    -44.0220    77.8470    -160.0340    -40.2970
     163    293.4000    0.0000    -42.7719    -42.6179    -42.3349    -43.0149    -43.9859    -44.4729    -46.1509    -45.4609    -47.7749    -48.5619    -52.8689    77.8100    -148.4550    -21.9240    113.7910    -114.1800    11.8220    151.6250    -82.6110    32.5520    156.5700    -88.5270
     164    295.2000    0.0000    -44.6219    -44.3419    -43.4759    -45.3949    -45.1999    -45.6199    -47.9339    -46.8399    -48.9599    -50.2269    -52.1219    40.6020    174.2670    -52.1500    74.1570    -147.1550    -19.8840    113.7790    -128.2870    -13.9470    112.0360    -134.3130
     165    297.0000    0.0000    -45.5699    -46.2109    -45.7819    -47.7799    -49.6089    -47.9029    -50.7519    -48.4509    -50.3339    -52.0289    -53.7299    -2.2020    132.7540    -92.7230    24.4350    171.5390    -53.7550    80.5640    -154.2780    -44.9070    64.7290    169.9590
     166    298.8000    0.0000    -45.7159    -47.5059    -49.1779    -48.9259    -53.8269    -52.0949    -55.1929    -51.5189    -52.8369    -52.9839    -54.4139    -52.3570    84.5490    -140.1390    -21.9330    119.2350    -92.2460    33.0720    166.1460    -91.5930    12.9060    133.9170
     167    300.6000    0.0000    -44.8899    -47.5039    -47.6249    -49.8329    -55.6799    -56.1929    -56.7659    -55.4279    -55.9089    -54.0639    -56.9899    -94.0500    24.8430    160.5080    -75.2120    57.5870    -173.6340    -34.8940    106.4450    -173.6550    -35.9980    77.3590
     168    302.4000    0.0000    -43.9189    -45.4339    -46.5129    -48.2459    -52.3229    -54.9779    -58.0779    -55.6779    -55.5679    -55.6499    -58.0069    -127.9530    -6.7750    119.4820    -127.3070    -5.5450    138.5970    -106.5630    36.5780    141.5230    -94.6570    16.3050
     169    304.2000    0.0000    -43.5489    -44.4319    -46.4089    -47.2469    -51.2629    -53.1419    -56.6819    -56.6919    -54.5369    -55.8219    -56.9939    -160.1960    -37.3940    86.2770    -159.3660    -50.9540    86.7790    -159.8930    -14.4210    89.6240    -141.8240    -31.8200
     170    306.0000    0.0000    -43.6869    -44.6829    -46.0149    -46.7019    -50.5279    -52.6579    -55.8549    -55.0259    -55.0469    -56.2939    -57.4399    171.6350    -65.6480    54.1550    166.1130    -82.6090    43.1120    174.7360    -65.7330    55.7360    160.4560    -72.1480
     171    307.8000    0.0000    -44.9359    -45.9989    -47.4879    -47.5699    -49.3379    -53.0789    -54.2039    -55.9959    -56.8929    -54.2339    -58.6219    140.8430    -96.7000    22.9840    138.9940    -106.4260    14.6190    133.7760    -115.7230    7.5110    119.6990    -147.2820
     172    309.6000    0.0000    -46.2969    -47.4649    -48.6129    -48.5069    -51.5269    -53.1579    -55.2539    -54.9229    -54.9419    -56.3799    -57.5499    112.0400    -135.0580    -11.3460    107.4520    -138.2840    -23.7830    92.7850    -146.1150    -47.0060    62.5270    179.6230
     173    311.4000    0.0000    -48.0339    -47.7589    -49.1079    -50.7149    -53.2359    -52.8759    -54.6249    -56.0859    -56.0099    -54.7099    -56.6449    69.8440    -171.4470    -48.9470    71.4790    -174.7500    -57.6080    60.6160    167.5180    -70.0330    43.0150    149.2620
     174    313.2000    0.0000    -48.1739    -47.6349    -50.1989    -49.8119    -54.8459    -56.3779    -56.9479    -55.4959    -55.7449    -55.1449    -57.5329    28.1520    150.2200    -89.9730    18.8640    125.9730    -104.2440    19.9580    138.7320    -105.0810    -2.8420    125.4720
     175    315.0000    0.0000    -46.3569    -47.1289    -48.9629    -48.7219    -50.6169    -54.7629    -55.5699    -55.4969    -57.1289    -54.7549    -60.5609    -1.8860    122.0880    -128.5880    -15.3370    88.0840    -140.3040    -22.9220    113.8620    -123.6070    -32.6200    93.1320
     176    316.8000    0.0000    -46.2019    -47.3969    -47.7999    -48.0679    -49.9439    -54.8829    -54.1039    -55.6349    -56.9979    -55.6369    -59.0989    -20.4170    100.7750    -150.5580    -33.7510    66.7640    -169.4140    -63.8330    73.6550    165.8830    -78.3760    45.3910
     177    318.6000    0.0000    -47.9859    -49.2419    -50.6289    -48.6839    -50.6079    -54.3579    -54.0429    -56.6679    -56.5749    -57.7719    -58.0419    -41.7090    70.6310    -173.5960    -56.7580    50.4150    160.7100    -80.6940    48.7980    141.4940    -94.9550    -28.2790
     178    320.4000    0.0000    -50.2399    -51.2749    -52.3739    -51.5939    -53.1079    -57.3439    -55.2219    -56.7349    -56.7679    -56.8259    -61.2819    -72.3050    42.0340    155.3140    -86.7900    28.7330    118.1780    -103.0570    -4.7300    116.4260    -136.3490    -53.5160
     179    322.2000    0.0000    -50.9719    -50.8319    -53.6579    -53.6099    -55.3609    -54.8839    -58.8309    -57.5339    -58.5449    -58.9049    -58.6949    -116.2720    5.9010    117.1470    -119.7330    -14.3140    96.1800    -123.0080    -50.6940    96.7420    177.5270    -84.6400
     180    324.0000    0.0000    -51.5359    -50.9379    -52.9319    -53.6839    -55.2889    -55.6849    -61.7939    -56.7509    -63.6909    -58.1929    -60.0689    -148.5730    -19.8330    86.7920    -158.9340    -52.2660    62.4430    -139.5920    -66.7690    32.9730    144.2940    -105.6470
     181    325.8000    0.0000    -51.8129    -52.5559    -52.3329    -55.1329    -58.0249    -59.0639    -66.4079    -57.7239    -60.5369    -59.7099    -61.6419    -170.8640    -34.0060    67.4680    177.7440    -69.8330    49.3590    129.5220    -86.0940    8.6300    103.3080    -142.1880
     182    327.6000    0.0000    -57.1929    -59.2459    -61.9179    -57.2389    -61.4389    -64.5499    -67.2539    -61.5229    -64.7619    -61.3889    -66.4459    160.6060    -63.4640    49.9750    155.6540    -85.8500    26.6660    35.7890    -99.6470    -10.4850    96.1120    -166.1810
     183    329.4000    0.0000    -62.8699    -64.8249    -80.1959    -65.5579    -62.4309    -69.6899    -60.9279    -67.8059    -68.4099    -62.3249    -75.3949    102.4900    156.2210    25.1680    43.2380    149.0350    -170.8640    17.6480    -72.2710    -83.3410    66.3580    148.9300
     184    331.2000    0.0000    -57.0029    -55.4459    -60.3889    -57.4299    -61.6539    -60.6419    -58.2479    -74.2399    -69.0229    -70.3109    -67.7869    33.3060    133.5610    -123.1770    25.5170    112.3730    -170.5430    7.2740    41.0400    -55.0900    16.7780    9.7290
     185    333.0000    0.0000    -55.2399    -53.0939    -55.7049    -56.9249    -57.4979    -58.9569    -58.4539    -67.4439    -70.9589    -81.3439    -75.3679    18.2610    130.2500    -131.2940    6.1230    105.1410    -163.8050    -1.0740    53.7310    -163.3350    66.6890    16.1540
     186    334.8000    0.0000    -54.3889    -53.5159    -56.2889    -55.8739    -60.3679    -59.8649    -63.4809    -61.6419    -71.5929    -71.6319    -78.1879    -1.2880    109.9460    -160.5580    -5.3930    100.6720    -179.1020    26.5120    22.3610    89.8830    178.9860    -59.4510
     187    336.6000    0.0000    -56.4929    -55.4869    -55.8799    -61.5879    -61.4299    -61.7569    -68.4539    -61.0449    -67.8029    -65.1289    -68.2169    -18.3350    94.0370    169.0490    -25.1470    31.3590    137.7770    37.4790    -0.6350    86.5990    152.0710    -56.6300
     188    338.4000    0.0000    -56.4439    -56.2449    -58.4959    -63.7219    -59.3809    -59.4109    -79.4889    -59.5279    -66.0969    -64.1999    -66.0839    -52.2900    58.8000    155.2250    -89.5540    8.8470    105.7510    56.7810    -24.9360    66.2500    147.8660    -113.2930
     189    340.2000    0.0000    -56.3709    -56.5089    -55.3269    -61.0579    -59.0599    -60.0889    -63.3309    -59.0779    -64.0019    -64.0839    -77.0099    -81.1260    35.9560    130.6970    -129.2150    1.4890    102.4840    135.9030    -26.3020    39.6280    175.8910    -74.8770
     190    342.0000    0.0000    -56.0609    -55.5669    -53.6109    -60.5369    -61.3369    -59.0929    -67.6389    -59.9969    -64.0539    -62.6219    -68.6259    -91.2990    19.4780    133.0210    -123.4710    -3.6230    98.9860    127.5030    -12.0510    35.9870    150.7980    -115.4240
     191    343.8000    0.0000    -55.2449    -55.6579    -53.8169    -62.0549    -59.6929    -59.5139    -63.3309    -60.9129    -62.7149    -63.9809    -62.3139    -97.6020    24.2330    129.5030    -165.6580    -5.7280    92.4450    146.4690    -19.3230    60.5730    162.8700    -104.7520
     192    345.6000    0.0000    -55.9919    -58.1179    -53.2159    -60.3829    -57.4149    -60.0469    -64.8759    -60.4839    -61.7829    -61.2699    -69.8609    -96.6800    20.2400    136.4360    -137.2040    -2.2600    86.5290    141.0390    -26.6730    54.0560    150.0360    -99.9260
     193    347.4000    0.0000    -55.8869    -57.2389    -54.4229    -61.0949    -59.2469    -59.6459    -63.2229    -64.7979    -63.2509    -67.4689    -66.1689    -92.7930    30.7720    128.5420    -134.5430    -20.4210    92.5740    126.1260    -3.5500    42.5510    132.1270    -133.9620
     194    349.2000    0.0000    -55.5769    -56.6799    -53.7999    -63.5769    -60.1809    -62.4929    -73.5719    -62.8309    -64.7319    -65.2469    -62.6719    -102.9010    22.7710    141.2920    -155.5870    6.1780    113.3480    155.8170    -0.2010    69.3520    150.7690    -101.4760
     195    351.0000    0.0000    -55.6169    -57.4139    -53.9869    -64.3909    -59.3579    -61.7589    -67.9139    -63.1769    -65.7909    -62.8969    -63.1379    -96.0770    35.1500    136.3330    -130.4210    -8.5800    92.2460    124.7000    -7.8300    61.9420    132.4620    -115.8270
     196    352.8000    0.0000    -55.3859    -56.0839    -54.2249    -63.6989    -57.8399    -64.0139    -67.3859    -61.6979    -64.8599    -61.6989    -68.2479    -86.9740    22.0430    135.5510    -119.9910    6.5570    110.9750    129.0040    -15.9340    50.2370    138.3990    -108.4500
     197    354.6000    0.0000    -56.6429    -56.2919    -52.9619    -62.1209    -57.2639    -59.8609    -69.6429    -63.2679    -63.3879    -64.9209    -68.8149    -101.9410    25.3630    131.3780    -128.9190    2.9290    86.0570    130.1180    -22.1160    33.8640    149.5810    -108.6140
     198    356.4000    0.0000    -56.6329    -55.7939    -54.7139    -62.3369    -61.1509    -61.0299    -67.6509    -62.7569    -67.7209    -64.6719    -67.6549    -100.9010    25.0690    137.5000    -160.0280    9.5280    113.8940    153.2610    -25.1430    69.4430    151.6830    -68.6600
     199    358.2000    0.0000    -55.7659    -56.8829    -54.4929    -63.1989    -58.6809    -62.3519    -64.5679    -62.6729    -65.6569    -64.2359    -66.5989    -100.1180    26.3170    136.4050    -166.4810    -0.6860    97.8370    70.1110    3.5390    34.4670    151.2970    -105.6870
     200    360.0000    0.0000    -54.6139    -56.4219    -54.4059    -59.6169    -59.2109    -63.6339    -70.3379    -63.9839    -66.8809    -65.2139    -66.0929    -95.2940    27.2690    131.5450    -124.4890    16.5780    100.4490    166.7650    -18.6990    80.5860    138.4560    -50.0860
